Tabuleiro:

      01 02 03
      04 05 06
07 08 09 10 11 12 13
14 15 16 17 18 19 20
21 22 23 24 25 26 27
      28 29 30
      31 32 33



Movimentos Válidos (de para):
01 03
01 09
02 10
03 01
03 11
04 06
04 16
05 17
06 04
06 18
07 09
07 21
08 10
08 22
09 01
09 07
09 11
09 23
10 02
10 08
10 12
10 24
11 03
11 09
11 13
11 25
12 10
12 26
13 11
13 27
14 16
15 17
16 04
16 14
16 18
16 28
17 05
17 15
17 19
17 29
18 06
18 16
18 20
18 30
19 17
20 18
21 07
21 23
22 08
22 24
23 09
23 21
23 25
23 31
24 10
24 22
24 26
24 32
25 11
25 23
25 27
25 33
26 12
26 24
27 13
27 25
28 16
28 30
29 17
30 18
30 28
31 23
31 33
32 24
33 25
33 31
